   0.00000000       8.52344856E-02
  0.322214633      0.315360963    
  0.644429266      0.660322666    
  0.966643929      0.810025394    
   1.28885853      0.895393252    
   1.61107314       1.07085896    
   1.93328786       1.16645670    
   2.25550246      0.890256882    
   2.57771707      0.467355251    
   2.89993167      0.335340381    
   3.22214627      -4.83360216E-02
   3.54436088     -0.234565780    
   3.86657572     -0.573700428    
   4.18879032     -0.930545390    
   4.51100492      -1.04824042    
   4.83321953     -0.968299508    
   5.15543413     -0.829686761    
   5.47764874     -0.713711143    
   5.79986334     -0.537595809    
   6.12207794     -0.256095201    
   6.44429255      0.227042556    
   6.76650715      0.379589826    
   7.08872175      0.726616621    
   7.41093636      0.922940135    
   7.73315144      0.934689820    
   8.05536556      0.938522339    
   8.37758064      0.751247168    
   8.69979477      0.695001900    
   9.02200985      0.440352410    
   9.34422398      0.115799539    
   9.66643906     -0.290482402    
   9.98865318     -0.574512541    
   10.3108683     -0.716142476    
   10.6330833     -0.979006410    
   10.9552975     -0.952903807    
   11.2775126     -0.896204770    
   11.5997267     -0.819699407    
   11.9219418     -0.601184964    
   12.2441559     -0.320398450    
   12.5663710       8.72830823E-02
